% run#
% track1: exppar1;
      31
     30.00000000
     50.00000000
    100.00000000
      7.00000000
      3.00000000
      5.00000000
     10.00000000
     20.00000000
     15.00000000
     70.00000000
    100.00000000
     30.00000000
     50.00000000
     15.00000000
     20.00000000
      7.00000000
      3.00000000
      5.00000000
     70.00000000
     10.00000000
     70.00000000
      3.00000000
     15.00000000
     10.00000000
     30.00000000
    100.00000000
     20.00000000
      5.00000000
     50.00000000
      7.00000000
